2018:01:17
Parameter Convert Table No 1 Name: Loadstations
System: NDC8Demo  Unit: BASIC    Table name: NDC8Demo Conv   Revision: 50
_____________________________________________________________________________________

Value	Station	Action	Code	Code	Code	
			(Dec)	(Dec)	(Dec)	

1345	1345	1
1346	1346	1
1347	1347	1
1356	1356	1
1357	1357	1
1358	1358	1
1378	1378	1
1379	1379	1
1380	1380	1
1387	1387	1
1384	1384	1
1348	1348	1
1349	1349	1
1350	1350	1
1351	1351	1
1352	1352	1
1353	1353	1
1354	1354	1
1002	1002	1
____________________________________________________________________________________________________

2018:01:17
Parameter Convert Table No 2 Name: Unloadstations
System: NDC8Demo  Unit: BASIC    Table name: NDC8Demo Conv   Revision: 50
_____________________________________________________________________________________

Value	Station	Action	Code	Code	Code	
			(Dec)	(Dec)	(Hex)	

2002	2002	2
2003	2003	2
2101	2101	2	0
2102	2102	2	0
2103	2103	2	0
2104	2104	2	0
2111	2111	2	1200
2112	2112	2	1200
2113	2113	2	1200
2114	2114	2	1200
2121	2121	2	2400
2122	2122	2	2400
2123	2123	2	2400
2124	2124	2	2400
2365	2365	2
2366	2366	2
2367	2367	2
2371	2371	2
2372	2372	2
2373	2373	2
2385	2385	2
2386	2386	2
2393	2393	2
2394	2394	2
2395	2395	2
2396	2396	2
2397	2397	2
2398	2398	2
2399	2399	2
2400	2400	2
2401	2401	2
2402	2402	2
____________________________________________________________________________________________________

2018:01:17
Parameter Convert Table No 5 Name: User event (User Events)
System: NDC8Demo  Unit: BASIC    Table name: NDC8Demo Conv   Revision: 50
_____________________________________________________________________________________

UserEv	TS					
						

100	40
98	210
99	210
101	210
107	210
108	210
109	210
110	210
111	210
112	210
113	210
114	210
115	210
116	210
117	210
118	210
119	210
120	210
121	210
123	210
124	210
125	210
126	210
127	210
130	210
131	210
661	210
662	210
663	210
664	210
665	210
666	210
671	210
672	210
673	210
674	210
675	210
676	210
283	210
302	210
____________________________________________________________________________________________________

2018:01:17
Parameter Convert Table No 7 Name: System Event (System Events)
System: NDC8Demo  Unit: BASIC    Table name: NDC8Demo Conv   Revision: 50
_____________________________________________________________________________________

SysEv	TS					
						

108	158
____________________________________________________________________________________________________

